158723469367954821294816375619238547485697132732145986976381254841572693523469718
372451869691827354458936271543768912789512436126394587215689743937145628864273195
594823671263517489178694352327965814486172593915438726839256147752341968641789235
154628793762934851839157624695743182487215369213869547571482936346591278928376415
274186953639425781815739642568273419327914865491568237953842176786391524142657398
536487192241963857879125463924718635713546928658239741387692514465371289192854376
627835194394217856185649372253768941946153728871492635512976483439581267768324519
734912658815367924692584731963128547241756893587493162329671485158249376476835219







	
