050703060007000800000816000000030000005000100730040086906000204840572093000409000
302401809001000300000000000040708010780502036000090000200609003900000008800070005
000823001003000400070000052300960010000102000010038006830000040002000900600789000
054608003700004000800000020690000102000010000203000047070000006000500008900306410
270000053000000000800709002060203010000904000001060200003040100700000004040607090
500007000200900800000000460020710005000506000600039040087000000005001009000800006
007830090300007000000009002053060001900103008800090630500900000000500007060024500
000010650005007000090084000903000040040000090080000102000670080000200300076030000




